00001172000180
00016600000148
00024238000157
00044883000131
00057006000103
00064691000197
00080740000185
00086843000152
00089913000126
00131919000114
00140372000113
00165749000199
00169698000173
00171728000186
00172069000100
00173030000108
00195945000106
00196932000151
00218568000183
00223184000159
00252256000196
00294437000185
00306770000167
00310839000126
00336652000100
00358614000140
00384960000100
00394445010247
00415970000239
00445339000100
00464073000134
00474845000119
00504309000119
00511456000116
00524045000165
00530279000115
00530352000159
00531699000116
00534187000103
00545881000126
00564475000100
00585686000120
00598092000153
00599744000174
00613396000142
00631648000166
00668554000242
00689133000117
00699688000140
00703017000105
00703697000167
00718526000101
00756343000180
00794721000110
00797819000121
00805843000165
00822358000108
00831694000290
00833057000171
00849074000105
00862698000154
00880757000117
00881907000107
00905423000150
00958511000110
00959015000181
00961315000103
00965970000121
00974497000149
00992045000190
01012277000105
01019876000142
01020851000169
01025470000172
01040799000102
01046390000101
01048139000178
01054873000140
01061837000103
01064278000195
01064978000180
01073899000135
01080682000152
01083060000188
01088190000103
01095648000151
01105259000160
01105531000101
01108101000143
01115948000155
01126581000175
01127853000151
01168961000172
01201413000105
01244920000118
01276641000136
01278825000135
01279835000195
01280354000108
01282136000102
01296682000194
01303092000141
01306400000192
01317651000172
01326090000178
01355205000152
01372986000193
01381684000181
01382209000120
01406705000176
01408975000116
01417172000128
01440615000100
01444385000149
01451506000180
01460943000160
01478570000154
01495545000189
01497349000143
01505974000190
01517750000106
01520754000135
01534213000166
01534494000157
01534510000101
01535170000133
01535582000173
01535640000169
01538800000123
01539544000199
01540202000199
01542182000195
01542182000357
01543103000160
01548072000130
01552389000140
01556337000142
01559171000118
01559763000130
01560309000107
01567601000143
01578552000144
01590040000101
01591804000175
01605416000104
01610926000161
01614824000114
01618554000110
01619071000130
01633874000149
01637536000185
01652823000164
01662019000166
01674349000171
01674853000171
01678086000179
01681228000157
01700031000118
01701861000160
01707124000174
01707213000110
01707502000110
01709972000112
01710918000197
01716746000169
01717324000108
01719252000138
01721103000103
01722690000155
01723289000130
01725495000189
01728473000172
01729576000157
01729729000166
01730278000187
01731298000172
01731611000172
01731671000195
01735596000130
01735954000105
01736755000111
01738210000144
01739112000121
01739547000176
01741063000161
01741566000137
01741753000110
01742175000137
01742316000111
01743572000123
01744469000106
01744997000157
01745061000140
01745463000145
01746237000189
01746813000198
01747680000174
01748198000159
01748203000123
01749015000110
01749925000100
01751821000122
01754333000179
01755011000144
01755356000106
01756106000182
01756580000104
01756723000188
01757028000130
01757090000122
01757455000119
01757565000180
01758483000150
01759012000167
01759305000144
01760582000177
01760989000102
01761016000180
01762896000109
01763407000133
01763786000161
01764079000190
01764410000171
01764411000116
01764849000102
01764865000197
01766114000100
01766698000113
01767840000147
01768679000126
01769388000152
01769569000189
01769569000340
01769868000113
01770707000140
01772939000137
01773119000160
01775843000122
01776557000181
01777154000157
01782290000135
01783035000107
01783883000116
01784082000175
01785132000139
01790681000100
01792449000100
01794158000143
01797306000183
01797455000142
01807184000169
01810833000180
01820108000193
01820127000110
01820515000109
01824541000105
01826385000103
01827872000190
01833846000175
01835157000108
01835621000158
01837855000134
01837995000102
01841735000100
01844729000107
01848928000193
01850436000132
01852190000138
01853764000192
01856226000151
01856772000192
01857264000129
01858762000196
01863180000106
01865659000173
01869166000101
01870844000156
01870953000173
01871427000128
01871985000193
01873715000111
01873804000168
01873889000184
01875361000144
01877046000156
01877254000155
01879748000179
01880536000101
01880564000129
01880893000170
01881773000197
01882185000178
01882316000117
01884432000175
01884483000105
01886158000173
01886350000160
01886416000111
01886713000167
01886797000139
01886875000103
01887094000125
01889115000141
01889550000176
01889569000112
01890043000152
01890341000142
01891484000179
01892253000180
01892526000196
01892824000186
01895225000116
01896227000120
01897502000120
01897509000141
01897803000153
01897816000122
01898054000189
01898440000170
01898545000120
01901972000110
01902161000133
01903164000191
01903572000143
01905271000159
01910276000170
01911335000124
01912004000109
01915367000106
01915700000179
01921699000195
01922218000166
01924232000107
01924515000140
01939352000170
01940414000163
01942421000102
01952897000116
01969898000173
01971267000199
01973672000146
01989073000110
01989574000105
02005379000158
02010387000192
02012833000106
02015014000104
02020115000173
02023195000110
02028485000157
02028843000121
02031960000144
02034006000105
02044794000110
02052700000155
02053927000115
02063945000188
02067427000132
02070270000102
02076189000121
02093333000138
02094279000145
02094928000108
02095038000110
02104003000109
02108874000192
02122800000100
02131538000160
02134044000130
02136166000165
02149862000106
02168664000190
02174414000162
02175978000110
02189765000147
02194382000167
02197861000137
02197951000128
02199607000178
02207877000183
02213555000147
02216440000106
02228542000141
02230264000167
02241089000103
02241816000132
02242640000133
02243356000181
02244117000146
02245959000112
02246344000100
02253118000157
02253929000158
02259937000101
02263923000161
02268204000133
02269936000148
02274269000191
02277931000167
02280184000116
02280188000102
02281764000128
02281983000107
02294543000194
02297541000159
02305993000135
02306707000156
02307586000167
02309979000100
02311604000184
02312332000137
02316740000167
02317026000193
02317095000105
02317616000116
02321210000107
02321490000153
02327622000154
02333058000182
02333590000108
02333863000106
02336944000160
02338253000103
02338532000169
02340921000129
02340992000121
02341458000130
02342151000153
02342726000138
02342967000187
02343165000191
02344518000178
02346363000109
02346770000116
02347183000141
02347656000100
02349251000101
02351284000196
02355406000112
02355993000140
02357172000142
02357679000104
02357999000156
02360718000114
02360777000192
02360958000119
02361668000190
02363891000176
02365621000102
02365730000111
02366022000103
02366824000105
02367518000193
02367888000120
02368062000186
02369380000161
02370536000124
02370777000173
02371192000178
02371493000100
02371977000140
02372185000190
02372249000153
02372650000193
02372728000170
02373790000186
02374250000117
02374573000100
02374730000188
02376802000126
02377274000120
02377664000108
02380501000176
02380966000127
02381148000149
02381328000120
02381973000143
02382139000172
02382492000152
02383728000175
02384081000104
02384352000113
02384376000172
02384608000192
02384610000161
02384613000103
02386806000195
02386853000139
02386941000130
02387242000105
02387243000150
02387973000150
02388293000151
02388498000137
02388774000167
02388913000152
02388985000108
02389040000100
02389611000107
02389680000102
02390448000194
02391120000192
02391214000161
02391395000126
02392404000101
02392528000189
02393067000169
02393069000158
02393070000182
02393101000103
02395290000145
02395330000159
02396921000140
02397466000106
02398472000170
02399175000149
02399636000183
02399641000196
02399894000160
02401051000150
02401933000116
02402055000153
02402655000111
02403465000119
02403659000114
02404038000155
02404271000138
02406008000188
02406140000190
02407032000131
02407034000120
02409651000165
02409958000166
02410003000129
02410422000160
02410624000102
02411518000143
02411935000196
02412296000183
02412465000185
02412892000163
02413877000130
02416776000112
02417196000140
02417455000132
02418166000158
02418168000147
02420525000101
02421563000189
02422745000174
02423695000140
02428153000160
02428765000152
02432922000101
02434192000170
02435410000190
02436920000182
02448147000174
02448937000150
02455441000103
02458589000100
02461146000160
02481651000176
02486287000137
02491082000140
02515941000193
02525866000141
02526333000184
02531283000123
02539160000139
02545951000171
02549290000152
02549642000170
02558596000175
02571107000115
02576011000140
02579308000169
02580559000163
02588580000105
02593903000159
02598078000185
02600849000121
02601591000188
02604544000198
02621069000168
02621699000132
02623320000123
02625727000190
02654093000101
02689956000178
02691859000110
02693174000102
02702194000100
02706974000110
02729834000168
02732025000105
02736743000150
02738025000112
02746592000110
02796819000132
02798452000196
02799206000159
02803282000190
02806460000137
02814880000165
02819842000103
02822709000106
02841637000136
02856995000112
02857089000132
02858045000127
02862994000180
02865922000197
02866095000156
02891295000169
02898286000108
02910917000159
02914661000158
02921377000109
02927964000105
02928356000115
02943678000133
02948098000139
02952145000118
02965228000141
02990411000105
02992725000139
03015518000197
03018311000176
03033139000120
03037686000183
03038163000151
03043886000149
03043890000107
03049376000189
03049886000156
03070411000141
03080797000172
03088552000191
03095833000171
03101832000192
03108082000180
03110221000100
03113214000162
03113517000185
03124410000132
03137542000107
03151583000140
03155281000140
03158975000130
03166125000184
03175635000118
03190762000196
03202116000100
03202694000138
03210029000196
03211077000107
03224045000138
03229180000176
03229937000121
03232222000128
03238677000150
03244068000104
03244343000190
03244472000188
03248754000153
03265236000148
03280227000126
03281728000127
03294410000180
03298725000104
03303115000143
03309555000108
03317127000127
03321549000176
03327176000140
03332572000166
03333275000135
03339204000140
03357662000101
03361560000160
03364482000157
03365801000149
03371092000104
03377686000122
03379930000196
03380651000142
03384021000146
03395042000167
03402818000129
03409534000164
03411114000112
03422900000115
03432296000108
03435449000170
03436826000196
03438928000140
03447982000152
03454087000165
03454541000188
03461407000104
03470903000124
03471157000193
03476876000105
03477445000155
03481764000134
03482256000170
03488286000194
03492528000113
03495678000180
03495686000127
03498174000114
03503125000122
03504317000153
03509775000185
03520902000147
03521447000102
03523022000124
03524855000100
03536328000115
03537777000188
03543895000107
03553621000190
03555171000175
03556208000180
03557940000174
03560585000192
03564045000187
03568957000127
03574209000157
03576836000127
03581565000106
03581644000109
03583416000178
03593420000117
03593999000118
03595443000160
03602901000141
03604300000178
03604881000148
03612146000186
03621076000122
03628983000101
03629724000197
03633528000196
03636149000150
03636933000168
03637986000101
03638375000170
03639654000158
03642469000112
03645847000111
03646339000158
03648540000174
03648609000160
03652011000144
03652435000109
03652591000170
03653334000152
03656535000103
03657292000128
03658113000177
03658136000181
03663543000187
03666084000195
03667856000103
03670374000102
03673654000174
03673934000182
03679180000178
03689397000169
03696663000180
03697217000190
03699194000153
03700753000106
03701617000122
03702302000108
03702547000127
03709020000124
03709695000173
03709705000170
03714475000138
03715950000190
03718562000163
03719927000174
03720015000112
03725087000152
03725381000164
03726503000137
03726678000144
03729079000184
03729422000190
03730234000182
03730337000142
03731320000100
03731324000198
03731487000170
03733242000182
03733630000163
03736059000130
03736466000148
03737448000180
03738203000178
03738239000151
03739305000108
03739389000180
03739613000133
03741577000142
03741705000158
03742381000172
03742560000100
03743540000153
03744223000151
03745128000172
03745483000141
03746039000140
03746146000179
03746321000128
03747834000153
03750566000129
03751249000127
03752218000190
03752922000143
03754007000197
03754742000109
03755511000101
03756881000163
03757982000159
03759389000141
03760860000111
03761709000106
03761860000136
03761886000184
03762447000196
03762833000188
03763085000158
03764642000155
03765113000176
03767477000195
03768287000192
03768464000130
03769511000160
03770169000119
03770863000136
03774108000120
03776511000198
03776518000100
03777407000118
03777605000181
03778046000124
03778183000169
03782160000128
03782185000121
03785199000107
03786331000197
03786494000170
03787257000123
03787465000122
03791047000109
03793565000161
03795479000198
03797135000118
03798114000117
03798540000150
03798580000100
03799652000126
03799736000160
03800241000103
03800278000131
03800434000164
03801058000122
03802438000181
03805106000150
03805370000194
03805987000100
03806046000190
03806434000171
03806583000130
03813283000189
03816796000143
03816962000101
03818131000179
03818285000160
03818561000190
03819011000196
03819799000130
03820122000112
03820432000137
03820742000151
03820753000131
03821373000111
03822200000118
03822509000108
03822559000195
03823809000101
03825006000196
03825166000135
03826865000108
03827622000186
03827757000141
03829194000120
03830117000190
03830580000132
03830641000161
03833526000140
03834115000170
03834834000190
03836157000140
03839524000169
03839541000104
03840483000120
03841601000115
03841614000194
03841887000139
03842001000171
03843488000107
03843579000142
03844184000164
03845090000100
03845538000195
03846594000144
03848014000158
03849967000130
03850454000140
03851145000194
03852289000165
03852305000110
03852438000196
03852994000162
03853571000167
03859878000175
03860538000164
03860907000119
03861328000190
03861517000163
03861679000100
03862208000108
03862216000154
03862288000100
03863245000130
03863716000100
03865478000172
03866697000176
03867164000109
03867344000190
03867748000184
03867922000199
03870667000133
03870744000155
03871495000112
03873325000177
03874476000140
03874881000168
03875201000120
03875238000159
03876852000135
03877174000125
03879307000100
03881157000161
03881284000160
03881428000189
03882288000163
03883032000170
03883454000146
03883607000155
03883955000122
03885492000138
03886430000140
03886923000180
03887055000153
03887230000102
03889514000138
03890353000100
03890462000110
03890565000180
03890969000173
03891139000160
03891510000194
03892784000106
03894181000135
03894681000177
03896828000168
03896937000185
03897165000104
03897509000177
03897712000143
03897715000187
03897724000178
03898363000184
03898784000105
03899515000163
03899956000165
03900035000175
03900562000180
03902205000150
03902218000120
03902317000101
03902539000124
03902567000141
03903885000127
03904252000133
03905298000177
03905482000117
03906537000103
03909265000103
03912654000180
03914263000102
03914479000160
03915999000197
03917149000128
03917768000112
03918041000150
03918209000127
03918337000170
03918595000157
03918995000162
03919664000147
03920181000162
03920688000116
03921242000106
03922022000105
03922646000114
03922840000108
03922941000170
03923421000182
03925008000157
03925138000190
03926017000162
03926355000102
03926374000120
03929049000111
03929960000129
03930992000144
03931109000130
03932481000161
03932868000118
03934162000195
03935091000145
03936100000112
03936437000120
03937636000152
03938584000139
03939560000102
03943895000196
03944070000196
03950034000135
03953016000107
03953530000142
03955300000112
03955764000129
03958216000152
03958615000113
03959537000171
03960397000151
03964767000129
03966481000182
03967055000163
03973602000113
03976495000187
03979483000106
03983954000150
03987045000190
03989007000176
03991762000195
03994720000108
04001561000166
04005003000179
04007001000119
04008342000109
04014026000140
04027046000155
04037769000135
04042861000193
04043488000195
04049169000197
04064650000151
04067492000193
04070843000115
04072308000101
04072373000129
04073837000111
04079355000179
04080894000128
04083151000101
04091478000125
04101317000175
04102216000119
04103160000117
04103289000125
04107522000148
04111399000139
04111935000104
04113473000156
04117115000111
04117431000193
04136747000122
04139846000168
04139932000170
04147914000130
04148898000109
04159843000196
04161060000147
04161222000147
04162597000121
04166662000197
04171845000109
04175579000184
04179748000154
04180844000112
04182694000186
04188244000109
04193294000176
04194082000103
04199798000101
04208405000170
04210060000190
04216509000127
04234783000129
04237752000121
04240912000191
04242218000103
04248547000161
04257435000177
04257461000103
04263766000110
04272671000162
04272946000168
04277848000113
04278958000108
04287065000110
04289082000197
04314657000184
04327760000169
04345958000175
04357554000100
04357678000187
04359734000112
04360814000198
04362453000119
04362624000100
04363259000158
04364659000188
04367057000184
04367080000179
04368599000171
04370085000150
04371486000125
04372545000180
04373189000119
04375369000130
04376477000127
04378182000190
04382099000194
04382564000197
04383190000124
04383249000184
04385024000167
04387509000190
04387825000161
04391521000178
04393496000161
04393681000156
04396679000130
04400005000162
04400735000163
04401288000167
04401356000198
04401928000139
04401950000189
04406516000191
04406843000143
04407474000103
04408005000109
04408493000154
04408497000132
04408774000107
04408830000103
04409258000105
04411509000188
04413247000190
04415490000148
04418641000111
04426186000104
04428309000138
04430102000106
04432643000165
04436460000118
04438187000160
04443094000124
04445177000152
04446952000194
04448708000160
04448802000110
04448996000153
04449485000156
04449961000139
04453055000108
04453496000100
04455894000165
04460037000153
04460682000176
04461207000114
04461290000121
04463546000130
04464793000150
04466878000178
04468805000115
04469249000100
04469298000134
04471056000185
04471076000156
04473292000130
04474954000197
04475357000187
04475379000147
04475934000130
04476445000101
04477775000103
04478075000133
04484313000113
04485882000183
04486636000146
04486686000123
04487597000100
04487608000143
04487804000118
04488648000100
04491960000152
04493221000108
04493772000163
04493799000156
04494947000157
04495364000140
04496945000105
04497017000157
04499978000109
04500452000193
04501305000138
04501384000187
04501643000170
04501736000102
04503353000165
04503472000118
04503690000152
04503707000171
04505451000131
04506191000119
04507685000118
04510389000176
04517317000150
04517416000132
04517429000101
04517934000156
04517987000177
04518431000103
04518818000151
04519960000113
04523432000138
04526083000108
04532690000180
04538146000146
04539539000174
04542809000104
04559771000174
04561767000140
04563839000199
04564860000109
04577064000100
04587873000101
04608796000110
04616389000155
04621209000123
04626744000177
04630331000166
04639767000116
04642799000170
04644419000137
04653101000112
04653982000171
04653992000107
04658833000103
04664708000106
04687533000144
04698468000152
04704007000145
04706170000147
04706442000109
04712181000130
04716226000144
04726029000106
04737383000136
04738723000143
04741964000141
04747997000107
04749776000160
04750739000171
04752958000190
04754586000130
04758595000108
04760104000155
04760351000151
04791202000150
04817565000117
04820332000173
04821639000199
04824542000130
04825574000150
04829823000185
04832721000119
04840371000132
04841591000180
04844676000112
04851963000150
04855544000196
04859202000144
04861567000103
04865252000134
04871642000117
04880287000142
04882234000160
04885828000125
04887766000190
04889498000146
04892320000154
04894017000190
04895816000181
04897493000165
04902188000114
04907454000100
04910454000150
04910840000142
04910901000171
04912455000134
04913167000102
04913430000155
04919302000119
04923574000192
04924656000151
04926358000109
04927750000164
04929372000158
04929409000148
04929548000171
04931671000127
04932389000164
04933175000102
04933692000181
04935320000194
04937845000169
04942709000167
04943253000150
04945193000104
04945707000121
04945890000165
04947177000150
04950437000147
04951026000176
04951140000104
04952098000138
04953490000100
04953675000106
04953859000176
04955633000104
04955788000140
04956748000113
04957192000180
04958519000138
04961373000180
04963424000102
04963633000156
04964641000117
04965691000119
04966161000195
04966498000100
04968078000155
04969360000157
04974569000109
04974613000180
04975049000110
04975496000170
04987544000140
04993067000125
04993390000107
04993695000100
05005821000134
05009032000171
05017386000168
05019948000102
05022037000134
05027628000102
05029535000109
05034688000144
05037070000138
05043512000159
05052273000101
05113990000198
05129465000160
05131184000142
05143490000107
05147231000146
05207741000161
05208699000101
05223409000190
05255146000100
05259182000133
05269170000190
05289707000183
05292714000134
05302072000107
05307954000165
05307962000101
05320239000162
05330279000195
05330436000162
05341959000104
05349869000160
05350350000100
05363283000150
05372769000154
05388377000183
05388848000153
05400121000144
05428452000192
05431661000195
05438750000163
05441704000113
05454442000121
05466271000150
05473342000142
05481494000197
05486661000192
05491055000165
05500066000164
05531223000107
05561337000191
05561683000170
05598749000104
05600036000120
05600069000170
05654009000130
05654025000122
05655213000175
05687918000174
05708672000170
05716782000183
05725030000189
05746706000110
05753611000124
05766185000163
05773619000152
05787268000139
05793864000121
05795944000116
05806187000139
05809709000156
05810148000105
05814900000196
05815204000102
05819149000110
05844378000195
05861372000126
05863417000100
05873469000159
05896048000143
05897392000157
05904727000117
05906508000177
05913363000131
05924170000186
05930722000169
05950274000165
05973114000131
06028732000176
06040057000109
06047898000130
06064890000181
06101061000121
06122849000114
06268106000157
06275234000128
06275598000108
06275895000153
06339501000183
06345350000176
06407084000169
06418263000100
06485940000102
06540654000194
06562342000181
06597751000113
06600910000191
06610059000188
06617351000122
06619548000109
06624035000188
06626279000108
06705966000100
06726160000107
06749188000151
06764963000148
06774525000160
06841225000157
06847495000175
06850333000196
06855654000183
06861421000193
06863906000116
06876544000106
06876635000133
06883510000130
06885606000138
06923106000143
06975486000160
06986699000197
06994701000170
06996409000196
07009233000102
07052962000133
07060718000112
07063134000109
07083025000145
07100932000155
07121466000194
07147345000111
07152630000120
07153497000127
07158751000180
07159064000189
07175912000143
07176142000153
07179294000100
07185524000143
07199656000124
07199664000170
07213796000100
07222565000162
07226541000181
07238330000169
07250764000184
07252240000122
07255342000100
07264815000127
07270267000148
07276470000121
07306616000134
07333990000129
07335615000118
07344310000172
07345457000187
07365448000158
07366719000190
07375765000155
07395916000137
07402423000187
07417098000126
07422353000129
07431815000174
07455413000100
07456205000125
07457914000125
07467137000108
07469802000194
07475908000109
07482730000115
07483704000101
07525579000155
07532369000194
07533078000110
07536444000195
07545429000103
07559594000114
07577299000190
07590751000154
07595754000180
07597347000102
07598360000186
07604762000146
07623838000180
07624059000108
07663719000151
07681463000105
07686660000117
07699747000129
07701981000143
07714595000196
07743651000110
07762123000109
07765605000112
07780075000181
07781303000138
07790352000137
07796238000114
07797533000195
07803640000189
07816424000178
07894413000106
07954480000179
07954605000160
08002461000105
08042210000154
08054678000169
08072272000109
08073272000123
08085045000118
08193351000178
08250946000118
08252512000157
08270654000147
08299331000186
08320095000132
08324600000117
08332561000108
08385353000169
08386575000104
08392540000170
08395683000135
08399347000160
08418451000155
08459968000192
08469280000193
08498479000220
08514036000103
08516080000144
08526113000137
08534422000159
08545857000107
08548976000105
08562027000180
08562142000154
08564940000115
08569325000100
08569733000153
08573990000169
08584526000178
08603714000104
08606071000144
08610370000152
08690604000119
08701732000110
08713653000120
08762650000186
08791626000175
08797923000128
08811648000150
08828709000191
08843146000100
08843575000188
08843922000172
08846487000130
08848632000111
08873804000107
08878910000183
08915464000130
08931644000105
08996215000116
09014580000140
09025560000175
09028374000190
09045758000110
09045774000103
09045774000294
09086406000103
09101720000118
09112681000154
09168704000142
09172917000148
09183526000129
09227786000159
09282294000166
09286972000169
09314824000100
09320250000183
09356866000104
09357559000148
09368242000107
09371352000128
09378589000130
09385279000143
09404245000159
09412339000170
09470303000142
09522228000116
09531377000141
09556963000140
09590480000162
09815150000128
09949314000100
09997776000100
10003143000100
10101988000139
10186518000115
10225759000126
10280022000106
10288876000139
10305548000101
10318434000198
10324697000100
10328383000185
10331049000180
10332617000168
10333144000113
10336758000159
10357457000101
10363729000186
10379808000185
10391449000181
10392744000152
10393593000157
10394880000181
10396984000125
10418036000143
10418051000191
10418077000130
10419323000178
10426266000154
10433613000176
10438398000104
10461622000170
10462075000148
10479145000170
10528073000104
10552800000179
10565000000192
10570357000169
10582161000194
10584712000159
10624930000170
10664076000175
10702082000170
10704625000198
10716689000109
10740348000179
10741961000100
10746626000103
10747665000117
10749430000164
10750065000108
10752269000188
10755809000187
10756138000179
10765196000169
10768570000180
10770600000192
10770956000126
10803484000160
10803500000115
10815868000101
10817856000108
10819522000173
10834513000151
10841450000160
10841567000144
10876928000198
10889111000154
11042517000160
11045251000109
11069663000189
11077893000190
11080041000151
11113916000174
11166329000143
11175312000152
11199509000121
11219607000183
11250856000131
11251193000170
11282910000120
11307101000126
11329489000166
11329521000103
11349800000139
11351384000103
11357800000180
11357877000150
11422257000158
11432242000170
11435641000195
11457256000149
11474686000179
11533668000110
11569126000106
11570272000143
11576360000152
11580719000165
11612355000158
11615564000155
11626572000105
11646239000150
11654654000155
11714527000102
11743002000197
11743564000130
11745239000107
11764685000169
11781101000163
11785052000137
11796323000150
11804317000105
11806999000187
11807070000172
11836847000127
11858966000180
11984747000148
11996667000102
11999463000125
12019360000114
12035465000167
12042651000123
12054789000142
12066171000100
12067450000180
12067518000121
12067575000100
12068219000101
12068433000168
12073102000116
12073458000150
12100327000114
12103636000148
12128351000161
12138285000100
12140232000124
12152393000138
12169603000109
12173985000136
12176442000172
12186524000106
12200218000179
12200267000101
12255527000146
12275673000133
12281572000175
12290151000100
12295648000111
12300539000145
12315081000106
12338646000162
12347589000188
12357687000104
12364139000101
12364444000195
12377297000198
12428751000192
12464160000170
12465316000138
12488391000114
12510277000143
12530663000105
12537338000166
12538146000174
12542155000139
12573752000120
12610937000168
12613238000171
12621645000120
12636767000190
12639878000150
12661914000182
12663456000110
12664405000103
12664785000186
12674107000102
12682373000179
12684189000168
12686416000194
12687067000125
12696548000105
12706990000167
12732749000102
12748471000161
12751640000112
12752432000138
12753315000199
12793832000191
12820635000114
12834222000199
12847935000197
12849477000125
12867529000196
12868881000146
12907234000104
12912622000175
12918108000147
12924817000135
12949277000144
12952727000158
12959474000144
12965554000102
12968806000157
12976940000108
12980298000122
12980934000116
12999082000109
13002084000144
13005491000105
13007182000174
13012315000109
13012661000189
13026547000108
13029459000160
13038351000133
13054366000195
13065495000189
13069489000108
13079397000109
13098561000117
13138482000192
13255666000132
13287743000136
13316096000143
13327168000158
13347752000175
13347810000160
13354543000159
13361738000126
13382338000105
13418348000145
13420609000161
13425269000161
13476833000175
13494265000135
13494810000193
13500988000108
13514591000167
13535885000175
13536255000115
13584685000102
13585294000102
13600408000146
13611025000173
13627609000137
13638341000139
13650650000124
13686811000130
13697818000157
13732599000108
13755194000187
13791074000135
13801766000117
13809538000193
13810015000167
13816046000125
13817259000171
13820618000140
13831359000152
13832571000134
13833009000125
13833058000168
13833835000174
13834999000116
13836713000131
13837034000187
13839329000192
13839402000126
13844097000160
13846316000140
13846605000140
13847363000109
13862214000119
13862842000102
13884226000144
13896626000170
13915210000151
13923917000100
13954433000128
13965793000125
13976964000111
13981535000132
13985114000180
13985130000172
13996202000187
14001325000101
14015606000105
14017081000147
14069710000182
14088512000166
14143853000197
14145403000133
14168736000188
14170419000104
14238570000129
14283972000145
14300867000177
14338446000135
14339220000159
14342059000172
14348627000142
14366199000180
14389167000109
14408041000126
14439632000160
14439715000150
14445191000100
14464705000174
14475990000129
14535223000168
14545826000140
14572119000143
14574974000193
14595268000128
14611461000105
14613673000121
14617674000144
14658157000113
14705305000103
14732010000126
14741086000118
14749576000160
14758536000185
14762603000135
14787451000125
14802193000109
14830103000193
14850374000100
14850432000104
14853501000125
14878706000165
14896146000171
14897672000156
14910277000166
14911861000136
14925028000144
14967632000133
14969711000183
14983514000119
14994719000108
14996888000179
14997191000112
15010127000169
15015159000157
15015167000101
15033871000189
15046436000199
15065527000171
15086481000177
15108756000126
15122468000126
15122492000165
15150493000113
15165541000147
15183338000101
15191232000141
15199136000140
15211956000100
15223993000138
15225964000105
15227416000114
15281082000167
15281090000103
15334162000133
15341696000197
15393556000162
15515240000104
15520976000162
15564933000189
15609787000160
15611254000113
15620529000185
15647290000137
15680432000168
15705049000117
15705148000107
15748668000199
15809759000197
15833460000178
15903826000138
15906514000188
15911613000158
15928567000108
15929060000160
15952435000103
15990708000104
15998115000194
16005571000159
16016016000122
16021735000131
16030827000188
16035578000113
16036352000137
16045791000106
16061301000165
16075434000190
16095689000115
16129710000156
16151359000108
16176166000101
16177172000175
16188641000151
16195224000136
16232563000145
16284812000146
16285199000181
16305237000110
16306755000159
16314163000189
16315327000192
16323099000100
16351363000101
16356669000150
16357071000186
16359515000112
16362006000149
16386542000184
16390478000105
16392334000198
16395923000120
16396723000191
16401705000150
16406522000128
16459034000189
16459273000139
16459851000137
16466799000146
16467359000103
16474801000129
16475824000158
16477622000145
16482101000186
16482887000131
16490146000100
16493363000146
16538456000140
16545022000177
16548364000140
16606048000188
16640849000160
16822561000106
16824674000140
16824690000133
16827347000142
16832792000109
16837585000139
16906190000140
16911539000132
16918542000188
16924581000198
16979031000176
17043183000125
17080201000149
17087545000180
17143348000130
17184649000102
17211954000146
17244708000190
17247891000188
17247925000134
17258443000180
17270950000139
17270968000130
17286345000156
17330895000125
17376120000190
17516113000147
17591546000167
17602475000150
17753344000174
17758749000103
17772153000150
17858887000156
17878554000199
17894049000138
17937616000196
18072298000100
18158956000181
18166645000164
18239996000158
18242578000110
18267054000183
18383125000103
18398669000149
18416750000104
18457234000128
18529446000173
18540179000135
18602045000100
18629840000183
18711176000117
18810341000198
18844563000121
18916452000183
18922971000154
18942540000150
18987735000116
19037233000197
19046879000130
19057660000137
19077080000101
19081439000114
19084599000117
19092725000185
19114115000135
19128966000137
19141308000185
19183961000107
19197854000138
19311927000170
19317973000187
19454784000156
19525336000104
19527639000158
19552413000107
19559012000189
19580828000194
19600758000199
19650597000148
19714070000130
19721232000167
19743236000146
19777853000162
19789007000162
19795475000140
19838903000174
19871375000155
19925528000108
19955889000199
19965631000173
19990845000108
20000576000166
20007308000176
20015418000180
20030987000102
20056461000193
20060471000100
20074092000161
20094314000108
20126264000101
20134185000134
20142725000121
20143863000125
20165411000144
20205076000160
20215570000106
20230611000133
20234423000183
20258372000120
20330718000153
20395562000199
20401147000109
20412581000186
20447645000184
20455655000161
20480448000167
20498945000192
20544672000175
20554531000133
20569398000199
20569836000119
20570867000190
20599387000151
20605549000117
20613048000182
20613535000145
20667796000148
20672507000107
20726071000183
20751426000194
20751657000106
20771754000152
20897427000141
20897492000177
20922753000161
20929592000138
20929725000176
20938148000189
20939807000100
20946885000123
21002159000115
21040001000130
21073887000118
21115118000135
21188750000109
21229281000129
21239249000124
21242623000140
21255419000164
21271804000103
21273172000109
21299292000185
21310917000162
21314380000109
21315791000119
21322565000165
21329701000149
21356134000110
21366521000137
21372784000159
21438932000190
21453485000149
21474663000118
21474879000183
21513114000105
21557194000109
21561725000129
21575063000146
21610290000165
21639455000121
21712856000160
21738604000100
21759980000180
21773403000143
21781455000161
21812060000189
21851738000132
21866348000136
21876495000197
21890876000120
21898739000132
21978945000152
22051528000122
22072367000153
22113708000191
22113898000147
22151401000185
22223358000116
22225247000149
22228910000169
22233514000120
22238711000131
22238786000112
22241954000129
22241996000160
22243588000147
22291348000118
22569495000107
22697254000143
22698765000180
22706196000177
22707830000196
22714430000108
22731210000192
22783195000126
22799928000110
22822019000156
22831507000120
22832265000199
22836027000151
22850663000138
22879456000106
22882997000193
22888333000131
22911432000197
22911663000109
22911762000182
22918098000101
22918262000172
22924252000140
22924294000180
22986509000198
23020886000130
23074552000140
23089402000100
23123680000136
23126949000138
23149057000152
23156888000151
23186216000199
23188717000104
23195399000109
23218134000189
23226137000164
23245525000192
23280159000102
23329907000102
23336647000194
23339658000128
23350176000179
23363575000174
23372147000108
23396435000100
23409055000155
23423411000195
23425606000174
23462591000114
23466147000177
23493364000156
23505423000169
23508609000171
23522857000177
23522923000109
23526395000166
23552250000130
23574718000197
23583644000155
23600125000158
23644578000186
23697170000172
23718554000124
23728603000100
23767015000185
23770183000120
23784341000109
23800733000106
23802986000119
23803356000169
23823735000110
23837792000159
23843360000150
23865108000142
23875511000152
23931736000189
23942360000108
23948862000146
23951916000122
23970247000136
23993736000103
24024655000168
24025975000132
24027666000100
24066797000198
24069718000100
24084113000180
24134488000108
24209678000147
24279101000101
24288870000176
24292401000120
24294209000173
24303000000129
24390692000190
24422214000114
24436834000102
24462152000174
24492886000104
24529810000106
24573354000193
24609141000174
24612251000195
24614471000158
24644692000179
24645400000112
24696650000181
24726192000186
24726960000100
24748675000181
24766669000157
24780405000158
24783169000123
24783367000197
24801367000172
24858144000141
24862914000120
24862997000157
24865362000103
24901944000106
24964108000162
24989428000177
24993164000125
25003260000141
25034257000195
25105636000129
25125519000127
25166281000188
25168360000128
25205683000144
25235342000111
25262882000194
25270299000125
25288333000199
25296997000108
25315904000137
25332503000195
25336611000136
25360496000135
25375577000109
25384512000120
25421330000181
25421363000121
25441643000100
25458480000160
25466707000119
25474198000176
25575309000130
25577891000174
25629437000110
25630013000175
25630153000143
25631672000126
25636465000164
25638206000172
25640004000165
25643107000189
25649179000133
25650870000137
25657149000179
25660317000185
25661646000140
25674276000186
25690629000131
25705492000141
25793563000105
25859620000101
25892878000100
25929621000185
25946971000150
25973017000156
26004242000147
26069039000159
26071910000159
26096586000123
26120824000199
26129940000179
26132134000150
26162859000190
26169789000100
26197988000114
26232603000102
26284612000147
26288845000118
26290163000140
26399675000149
26444828000122
26843995000146
26865402000142
27014042000138
27063726000120
27065150000130
27099936000178
27150549000119
27185685000144
27215508000163
27219328000150
27237981000141
27284900000164
27317809000106
27322619000179
27414879000174
27419100000103
27434653000135
27468008000133
27492495000170
27573187000179
27589696000190
27595065000183
27613868000113
27638824000148
27642529000165
27646975000148
27656248000161
27685502000150
27736586000103
27737832000141
27740158000154
27782705000164
27846302000131
27849751000133
27865757000102
27865757002300
27865757002571
27865757002652
27865757002733
27906734000190
27963412000183
27964733000100
27965979000199
28133361000125
28141737000143
28276194000171
28311223000199
28314888000156
28417129000119
28485076000173
28574259000165
28603777000160
28671436000121
28686764000100
28843795000119
28874055000140
28875250000194
28892800000183
28928174000138
28950731000117
28977742000190
29060043000144
29076973000196
29157765000111
29176047000192
29214699000174
29220753000194
29326253000131
29341120000134
29353059000145
29414588000101
29607462000153
29630365000181
29635844000190
29693082000189
29813896000100
29868007000101
30061170000147
30089973000100
30097190000178
30205033000139
30211916000151
30330609000190
30332787000150
30423818000188
30459275000159
30538284000135
30548127000100
30587505000165
30719595000109
30729719000129
30744908000170
30792717000184
30900385000104
30913990000110
30917587000169
31017395000169
31066541000146
31096019000107
31096506000170
31134414000137
31226061000103
31232747000107
31246135000165
31296882000108
31396583000145
31494677000157
31494693000140
31503824000108
31516826000131
31519283000106
31637051000152
31650666000119
31692999000100
31707540000133
31717523000187
31820483000102
31842636000104
31854409000107
31885759000122
31886245000191
31918725000197
31980600000197
32017485000112
32017527000115
32047532000170
32140071000186
32175739000120
32181695000141
32353344000170
32399347000145
32416067000106
32417164000105
32418014000116
32426660000125
32435315000158
32465841000160
32485468000100
32496424000185
32512501000143
32528390000163
32662314000146
32690752000118
32691594000110
32693657000178
32703357000122
32703449000102
32706996000141
32736266000193
33050733000190
33053042000140
33066234000190
33094921000110
33170572000178
33194069000152
33197989000124
33267741000192
33300914000127
33303827000204
33303827000395
33389974000168
33477670000152
33543984000106
33544040000153
33546334000114
33580648000133
33582453000122
33627787000175
33628975000118
33648304000119
33711888000120
33947839000190
34168930000170
34175133000110
34176875000160
34181461000120
34210963000131
34211078000177
34218867000130
34267617000190
34503722000180
34516963000164
34809111000165
34994418000183
35008325000103
35009604000183
35030493000197
35036417000199
35044635000175
35123223000120
35635333000171
35635358000175
35765072000104
35790070000175
35797968000175
36046423000190
36049641000188
36364115000102
37226701000153
37500808000148
37580404000101
37993094000157
38520912000167
38745667000196
39133202000147
39288295000189
39817820000106
40185837000177
40377293000145
40975997000110
41230103000125
41489261000102
42832519000186
43005156000178
43008291000177
43017730000108
43018126000104
43167709000199
43180066000113
43237932000165
43260009000144
43381201000199
43462076000141
43465459000173
43531383000137
43535582000113
43665629000163
43744713000172
43746163000120
43750827000125
43837392000150
43915172000106
43924497000147
43944370000190
43960350000102
43961234000108
44060192000105
44068575000111
44138782000103
44213049000106
44213056000108
44214278000137
44237501000161
44365278000138
44365526000140
44430668000144
44466472000100
44544435000172
44550911000168
44558682000128
44687622000105
44744910000154
44771137000115
44776706000115
44872109000194
44879591000194
44905008000172
44917318000107
44942480000185
44966620000155
45002441000160
45008398000140
45008745000135
45033859000135
45039237000114
45061009000140
45137593000170
45146883000180
45176153000122
45239100000103
45265220000185
45307634000120
45320843000103
45358249000101
45379260000158
45387222000147
45431145000185
45433893000105
45463841000173
45514569000103
45624871000114
45775434000100
45797578000159
45833290000192
45854759000170
45922788000121
45929585000167
45958295000141
46000022000152
46048021000188
46049326000104
46049664000146
46081915000170
46088993000104
46151916000143
46174496000110
46177523000109
46210340000148
46241816000108
46242004000187
46242004000268
46341038000129
46405452000154
46410866000171
46422408000152
46566444000190
46588950000180
46603056000131
46665188000198
46705521000145
46721148000116
46723995000110
46746384000197
46817102000103
46825527000156
46869475000110
46924676000172
46942827000115
46985107000137
46992731000161
46997011000199
47035050000178
47035266000133
47041512000160
47073150000199
47516661000138
47573399000163
47725825000137
47840574000131
47850276000122
47946082000125
47946090000171
47946280000199
47960752000168
47963160000108
47978820000116
48031918000124
48060727000190
48076533000183
48084669000135
48105290000164
48209928000107
48340814000100
48352793000134
48367387000145
48393755000120
48519581000107
48542344000159
48546279000130
48624175000104
48665517000126
48673743000159
48689921000130
48843270000190
48869358000181
49055668000125
49104714000139
49109515000113
49129521000132
49150857000187
49213028000104
49236300000163
49315906000194
49346513000148
49374440000106
49403371000103
49416720000121
49464720000105
49582547000131
49613250000196
49644099000153
49655483000151
49678881000193
49682909000166
49691140000142
49798580000101
49842867000183
49888662000139
49903339000197
49915028000148
49931645000137
49937485000133
49964109000138
49977762000131
49997703000125
50016039000175
50023373000156
50043512000103
50048172000103
50066364000142
50072008000131
50115732000103
50186451000133
50319771000114
50319797000162
50381821000193
50410901000120
50414044000136
50419647000120
50441013000174
50474303000114
50485705000114
50500404000112
50514728000100
50555630000109
50561893000112
50609973000109
50686591000170
50751049000154
50752294000186
50801059000157
50833763000191
50840388000107
50885169000144
50942051000100
50949429000106
50951847000120
51008589000105
51046266000106
51239721000190
51273837000145
51346542000151
51379253000159
51391597000183
51413607000134
51423226000136
51466688000130
51467108000120
51501559000136
51519726000176
51522258000199
51656007000105
51694453000104
51779726000105
51882850000100
51885242000140
52039435000143
52046232000184
52047289000106
52053873000166
52097383000161
52139748000173
52267671000117
52388865000170
52395209000103
52438199000138
52505161000130
52601994000103
52647880000196
52653391000147
52717766000195
52740156000102
52773736000104
52775632000120
52777133000172
52820610000135
52851201000104
52867777000151
52931730000100
52956737000186
53016192000190
53095337000196
53107678000134
53114633000197
53145827000150
53173209000113
53201836000110
53220208000182
53268231000147
53311064000170
53338604000109
53413050000167
53427589000175
53458451000133
53594347000176
53613246000103
53653945000179
53669636000197
53675872000116
53815502000137
53840435000100
53847828000146
53891065000130
53933024000160
53960860000133
53963328000170
54022488000187
54065370000136
54143755000174
54200530000102
54210547000140
54226121000185
54245790000102
54246574000173
54309463000169
54313531000163
54313556000167
54313564000103
54346861000155
54365267000101
54386149000180
54418066000125
54474994000107
54583638000121
54647987000160
54662770000129
54682422000113
54709779000148
54732086000176
54798715000160
54839998000141
54843008000149
54921069000187
54975024000195
54977244000158
54994520000196
55007165000187
55009401000102
55014666000190
55115984000148
55122345000100
55141592000153
55184550000108
55189641000128
55269096000180
55333082000188
55338669000180
55344568000111
55357776000155
55527261000156
55556351000175
55629216000102
55679260000127
55681456000156
55684831000111
55748495000123
55752315000187
55786891000145
55843072000192
55926919000100
55928501000124
55973937000135
55978183000106
55982516000170
55988471000141
56002728000107
56025752000161
56086069000134
56143639000180
56143654000129
56143670000111
56167893000119
56192529000109
56194681000120
56287352000124
56294028000133
56296734000114
56300288000174
56366115000159
56384324000125
56407083000192
56416027000114
56450992000103
56787377000197
56812852000138
56926348000169
56972037000136
57197535000111
57230260000170
57250292000138
57262859000196
57318404000145
57320848000115
57328122000129
57329732000147
57350027000121
57512410000139
57569196000157
57634792000173
57712101000102
57712762000138
57723058000180
57728743000108
57819021000150
57833048000106
57879819000198
58016452000141
58018441000109
58060898000173
58066978000136
58071382000124
58072141000108
58158395000135
58178393000108
58199233000145
58251711000119
58384124000106
58501016000168
58594334000110
58635459000141
58648478000102
58661307000113
58685421000183
58780453000168
58826074000161
58829003000112
58832528000107
58833997000140
58853318000103
58906645000178
58945338000104
58952649000192
58954363000146
58959198000115
58974692000159
59016873000135
59152629000108
59158535000138
59350967000146
59389916000128
59426346000107
59477240000124
59486605000187
59531384000111
59600817000143
59609776000156
59714634000159
59757021000107
59825323000167
59844746000124
59895623000112
59972877000197
59983486000178
59995621000103
60003209000130
60019098000150
60038437000146
60044047000189
60072097000170
60110467000116
60133972000186
60192200000115
60194503000177
60269180000133
60270873000146
60303914000153
60332103000180
60457561000146
60462413000110
60480498000169
60494994000171
60509072000190
60509239000113
60628369000175
60628922000170
60632148000170
60680378000105
60680444000147
60694239000130
60726155000131
61032751000184
61277273000172
61317095000166
61342846000102
61362521000183
61413092000126
61464467000187
61487815000131
61488698000120
61504346000111
61538732000124
61631982000104
61726055000178
61784500000156
61914891000186
62288295000109
62303888000199
62589932000179
62639042000124
62861877000124
63025530000104
63103717000189
63104830000189
63425458000102
63752505000122
63763296000112
63888168000103
63892814000106
64379829000120
64412489000191
64875438000104
64920648000169
65080616000165
65381139000178
66227570000127
66781725000172
66833450000173
66991647000130
67045260000154
67179200000124
67344440000137
67751479000179
67751495000161
68025535000150
68321116000166
68737857000122
71002448000192
71103550000184
71261259000134
71340822000160
71457725000151
71534572000107
71545420000100
71874275000100
72079072000187
72125461000100
72195779000159
72283146000100
72288038000112
72342090000100
72448640000170
72511595000150
72546294000162
72550080000160
72833684000113
72863970000121
72932262000103
72957525000120
73075830000151
74084542000126
75005892000112
75010736000140
75034439000134
75137877000128
75192153000187
75207951000135
75213330000164
75263616000154
75273029000146
75293126000109
75340158000100
75369405000109
75369488000128
75369587000100
75386425000180
75387274000265
75395319000162
75398826000150
75452284000156
75460261000193
75500777000114
75543470000109
75551622000107
75551762000185
75565697000147
75570531000119
75622308000178
75635425000176
75640284000180
75656355000132
75661751000158
75682948000173
75752816000170
75767566000142
75775460000190
75787630000157
75789966000159
75796342000169
75835629000150
75835702000194
75875716000131
75889782000160
75905331000170
75928929000184
75952382000152
75958116000137
75978973000107
76000447000122
76012145000174
76052240000100
76106772000174
76126903000185
76180108000175
76205962000149
76236090000186
76243625000146
76248715000120
76263730000147
76264738000128
76273804000126
76276229000115
76323971000134
76330067000156
76352202000164
76368240000105
76368430000122
76370998000188
76376532000190
76396647000146
76401884000158
76426311000189
76443704000109
76478940000152
76483817000120
76491471000101
76492123000159
76494806000145
76494806000226
76498864000147
76509769000100
76531011000160
76531052000156
76554559000125
76554757000199
76598085000113
76600188000170
76627520000190
76632215000197
76655489000100
76659952000183
76679026000170
76723493000150
76750983000145
76755099000101
76812627000109
76851492000190
76865401000176
76898063000179
76910900000138
76920370000109
77027837000159
77070332000177
77082014000126
77088235000101
77092633000100
77096055000171
77106821000131
77109577000160
77128163000189
77139152000102
77220366000109
77228633000186
77237733000179
77243962000104
77248573000163
77256881000130
77257293000111
77271393000100
77276475000130
77276665000157
77286912000104
77296143000117
77298313000100
77308682000129
77311009000148
77315240000100
77372209000100
77409589000100
77431476000101
77532588000159
77591345000191
77613008000158
77613321000196
77670651000113
77682946000100
77689032000170
77712206000179
77714061000145
77737831000175
77748176000150
77750297000137
77782746000129
77812220000144
77813525000170
77816205000174
77818870000105
77827673000144
77855047000161
77895308000177
77896157000171
77898526000165
77919355000103
77938801000127
77969145000120
78026952000171
78044500000112
78108388000136
78130770000146
78203866000197
78252392000173
78282084000190
78350188000195
78381894000102
78409141000150
78461241000125
78474251000103
78511987000104
78532405000168
78562147000162
78565587000173
78589314000169
78595097000110
78598166000149
78599636000199
78600467000160
78600855000140
78640489000153
78644705000139
78647633000183
78684081000183
78708104000142
78712056000166
78837515000138
78961117000129
79036042000132
79059820000109
79061826000110
79092771000106
79107918000194
79113171000187
79135760000166
79144077000195
79145157000165
79157715000102
79204541000191
79224614000107
79228094000100
79247888000111
79258000000146
79274122000126
79275988000151
79310942000126
79319851000151
79323994000137
79349288000164
79352712000120
79419263000190
79419289000138
79435723000173
79456257000102
79456273000103
79465126000191
79469813000185
79476438000109
79512638000161
79513222000168
79534533000103
79599171000139
79621330000154
79631883000198
79649984000196
79685236000169
79688891000170
79691531000128
79701983000143
79730578000153
79817763000180
79837860000134
79845830000170
79859583000160
79871596000155
79873204000197
79875902000121
79888673000180
79947131000130
79972600000171
80005002000102
80012156000121
80020761000144
80061260000106
80074115000160
80079023000172
80121106000182
80146202000185
80172760000115
80173404000116
80183833000174
80187149000160
80200009000185
80220650000181
80220874000193
80229891000191
80230113000112
80232952000170
80233919000164
80234537000155
80239585000136
80242720000100
80251366000172
80289184000190
80347651000191
80367121000105
80375991000126
80383862000180
80389083000191
80430317000105
80450554000120
80531270000168
80548332000144
80565625000130
80583941000134
80592488000122
80597594000107
80597925000109
80606940000168
80668817000171
80683782000140
80734544000116
80735749000116
80746647000104
80774391000130
80795925000105
80821382000153
80828882000117
80830334000121
80830573000181
80847460000199
80858954000179
80880354000107
80889637000110
80907397000139
80909849000111
80929532000147
80941933000112
81021560000124
81034977000121
81057994000184
81059347000101
81063372000169
81064487000178
81076218000121
81160228000140
81387490000122
81407934000144
81482895000140
81518839000118
81554065000180
81562126000151
81566499000109
81572489000178
81584708000139
81590887000117
81615049000150
81646762000161
81650665000142
81666760000134
81670085000117
81680282000117
81726333000102
81738262000150
82563982000194
82611617000108
82645003000147
82645011000193
82645029000195
82650797000137
82662958000102
82721226000146
82727777000117
82916503000176
82943275000123
82943655000168
82983230000182
83012013000108
83014803000122
83027078000127
83057794000157
83093666000169
83093708000161
83096974000148
83156331000142
83168294000192
83172965000199
83191510000110
83215384000197
83218008000156
83221796000130
83300178000185
83329342000187
83369470000154
83397158000174
83399980000174
83402255000108
83408237000133
83452557000190
83481762000184
83497479000140
83499541000133
83513010000158
83522136000199
83601682000115
83601690000161
83604470000191
83649798000124
83677500000190
83684498000186
83688457000168
83747949000187
83796227000112
83844811000104
83845735000143
83855080000194
83867895000193
83879239000100
83882647000111
83891283000136
83900050000152
84040823000130
84111293000174
84203371000160
84208131000159
84291137000132
84307974000102
84375872000124
84425016000136
84432897000112
84541689000151
84587302000106
84592369000120
84684505000102
84700434000194
84700905000164
84901438000130
84904044000136
84937275000146
84942036000184
85077741000123
85131829000186
85221208000193
85360881000104
85605251000152
85776094000148
85782886000125
85784023000197
85906659000164
86151727000195
86159118000182
86243482000126
86432085000100
86445293000136
86446846000175
86469459000154
86550662000150
86733938000136
87068292000182
87074779000178
87185468000186
87209136000194
87209250000114
87238432000113
87251906000167
87286498000189
87330411000123
87360913000105
87404828000193
87411658000174
87449807000194
87463535000187
87489910000168
87519237000161
87550794000145
87551891000152
87579298000114
87656039000140
87683132000143
87687703000118
87721791000127
87726998000194
87744447000153
87744470000148
87750121000139
87768487000135
87795159000128
87809992000180
87832119000109
87840989000120
87851200000136
87896460000128
87967410000194
87978771000136
88079462000197
88087713000185
88095633000171
88123708000180
88135827000153
88210877000158
88228002000183
88239751000106
88313002000181
88332580000670
88366729000127
88404025000100
88404645000130
88409537000150
88412960000100
88423173000163
88472774000166
88473657000117
88506969000180
88519848000172
88535612000120
88606959000116
88623954000100
88628722000136
88643523000105
88648761000103
88676382000119
88690888000182
88721816000155
88785282000120
88874730000162
88891593000174
88895768000111
88954904000105
88990882000120
89004964000111
89096994000103
89112452000179
89200208000168
89224349000110
89230916000141
89246748000182
89261408000120
89264394000107
89294565000132
89294706000117
89334452000113
89340574000112
89350300000104
89362651000135
89384176000106
89413116000166
89423487000129
89424113000128
89478630000180
89484448000131
89491005000178
89494397000129
89510382000107
89520274000115
89620660000189
89655880000148
89698732000100
89741342000176
89776280000138
89780266000108
89784037000161
89809172000114
89811939000140
89836746000143
89844146000127
89895510000188
89906119000131
89920334000197
89947501000193
89972046000186
89972988000164
89979140000167
89996839000135
90013343000183
90025198000150
90025594000188
90059114000108
90158379000155
90184318000162
90186271000176
90220633000106
90289356000180
90306051000139
90313115000129
90371535000161
90394529000120
90522491000123
90558222000117
90559048000127
90563446000117
90576042000168
90578212000143
90604752000154
90628736000100
90659210000189
90705690000177
90721994000128
90726639000141
90727801000146
90738014000108
90786765000191
90838244000130
90841677000145
90896275000148
90918343000122
90938697000139
90958968000118
90960188000102
90985672000196
90994914000108
91011288000155
91038273000180
91043687000106
91043786000180
91050377000100
91113399000172
91142802000191
91161653000108
91198077000173
91238774000100
91250928000180
91272286000110
91296855000167
91333690000156
91358739000125
91400051000166
91408062000192
91434662000125
91471433000180
91509653000156
91599225000161
91609586000141
91622266000121
91623702000187
91638189000106
91654806000159
91665570000156
91693499000115
91722926000146
91802702000144
91821082000190
91825802000196
91826107000149
91827782000192
91833244000100
91864314000198
91874917000170
91903963000150
91903989000107
91904003000105
91904029000153
91913665000141
91945436000109
91971341000160
91996975000177
92011253000189
92029453000169
92032721000100
92034321000125
92037928000169
92038496000100
92053198000190
92110469000100
92145242000191
92158526000112
92172634000140
92199736000159
92201458000127
92201862000109
92205426000108
92208081000138
92236314000106
92238138002519
92242080000100
92253384000172
92261072000100
92275122000109
92321595000103
92322502000157
92358282000111
92390657000120
92469782000120
92474576000109
92560333000193
92630649000104
92662139000119
92673771000168
92775287000140
92775295000196
92775303000102
92775329000142
92810340000104
92858521000100
92862572000106
92947910000102
92959006000885
92969856000198
93042208000154
93044949000174
93079044000130
93088367000190
93146140000153
93213353000150
93303543000169
93379030000131
93392298000103
93849792000154
94332541000160
94757721000194
94845716000133
94854866000103
94958063000107
95087649000106
95280541000127
95591764000105
95592465000195
95594990000140
95607909000119
95607941000102
95614632000151
95778395000164
95780797000101
95817615000111
95818282000145
95818506000119
95828729000167
96216841000886
96304514000100
96762950000122
97084149000138
97321723000124
97448724000134
97508543000156
97730220000102
97754238000144
98036148000180
98107873000100
98409212000121
98410863000131
98517154000150
98591142000175
